# 标定板参数：pattern_cols（列）和 pattern_rows（行）是内部角点数（棋盘格尺寸减1）
pattern_cols: 39
pattern_rows: 29
center_distance_mm: 15

R_gimbal2imubody: [1, 0, 0, 0, 1, 0,  0, 0, 1]
camera_matrix: [1312.1314949333171, 0, 791.03594203832654, 0, 1314.1373425604329, 650.47621235973008, 0, 0, 1]
distort_coeffs: [-0.17303026850981312, 0.19164637280904628, 0.0043203454931132115, -0.0026386590019170358, 0]

camera_name: "hikrobot_gige"
exposure_ms: 3
gain: 10.0
# vid_pid: "2bdf:0001"

#####-----cboard参数-----#####
quaternion_canid: 0x100
bullet_speed_canid: 0x110
send_canid: 0xff
can_interface: "can0"