# 标定板参数：pattern_cols（列）和 pattern_rows（行）是内部角点数（棋盘格尺寸减1）
pattern_cols: 39
pattern_rows: 29
center_distance_mm: 15

R_gimbal2imubody: [1, 0, 0, 0, 1, 0,  0, 0, 1]
# 重投影误差: 0.2508px
camera_matrix: [1300.9904495424721, 0, 787.94157467405046, 0, 1302.2076057826096, 613.0871177051049, 0, 0, 1]
distort_coeffs: [-0.14157963998968967, 0.13362845896630229, -0.0006251945500785138, -0.00077157378548523773, 0]

camera_name: "hikrobot_gige"
exposure_ms: 3
gain: 10.0
# vid_pid: "2bdf:0001"

#####-----cboard参数-----#####
quaternion_canid: 0x100
bullet_speed_canid: 0x110
send_canid: 0xff
can_interface: "can0"